<Patt21-20,0,0,0,0,0,0,0,0,0,0,0,0,0,0,0,0>
<Patt22-20,0,0,0,0,0,0,0,0,0,0,0,0,0,0,0,0>
<Patt23-20,0,0,0,0,0,0,0,0,0,0,0,0,0,0,0,0>
<Patt24-20,0,0,0,0,0,0,0,0,0,0,0,0,0,0,0,0>
<Patt25-20,0,0,0,0,0,0,0,0,0,0,0,0,0,0,0,0>
<Patt26-20,0,0,0,0,0,0,0,0,0,0,0,0,0,0,0,0>
<Patt27-20,0,0,0,0,0,0,0,0,0,0,0,0,0,0,0,0>
<Patt28-20,0,0,0,0,0,0,0,0,0,0,0,0,0,0,0,0>
<Patt29-20,0,0,0,0,0,0,0,0,0,0,0,0,0,0,0,0>
<Patt30-20,0,0,0,0,0,0,0,0,0,0,0,0,0,0,0,0>
<Patt31-20,0,0,0,0,0,0,0,0,0,0,0,0,0,0,0,0>
<Patt32-20,0,0,0,0,0,0,0,0,0,0,0,0,0,0,0,0>
<Patt33-20,0,0,0,0,0,0,0,0,0,0,0,0,0,0,0,0>
<Patt34-20,0,0,0,0,0,0,0,0,0,0,0,0,0,0,0,0>
<Patt35-20,0,0,0,0,0,0,0,0,0,0,0,0,0,0,0,0>
<Patt36-20,0,0,0,0,0,0,0,0,0,0,0,0,0,0,0,0>
<Patt37-20,0,0,0,0,0,0,0,0,0,0,0,0,0,0,0,0>
<Patt38-20,0,0,0,0,0,0,0,0,0,0,0,0,0,0,0,0>
<Patt39-20,0,0,0,0,0,0,0,0,0,0,0,0,0,0,0,0>
<Patt40-20,0,0,0,0,0,0,0,0,0,0,0,0,0,0,0,0>
